-1.9348000E-02	4.3096700E-09	0.0000000E+00	3.5437260E+00	2.0002430E-04	1.0000000E+00	1.1659999E+00
-1.9563000E-02	4.3096700E-09	0.0000000E+00	3.5437400E+00	2.0002410E-04	1.0000000E+00	2.3379998E+00
-1.9567000E-02	4.3101200E-09	0.0000000E+00	3.5437820E+00	2.0002410E-04	1.0000000E+00	3.4989998E+00
-1.9568000E-02	4.3096700E-09	0.0000000E+00	3.5437760E+00	2.0002360E-04	1.0000000E+00	4.6659999E+00
-1.9569000E-02	4.3101200E-09	0.0000000E+00	3.5438340E+00	2.0002410E-04	1.0000000E+00	5.8320000E+00
-1.9568000E-02	4.3096700E-09	0.0000000E+00	3.5438920E+00	2.0002380E-04	1.0000000E+00	6.9989998E+00
-1.9569000E-02	4.3092100E-09	0.0000000E+00	3.5439480E+00	2.0002380E-04	1.0000000E+00	8.1680000E+00
-1.9568000E-02	4.3092100E-09	0.0000000E+00	3.5440060E+00	2.0002420E-04	1.0000000E+00	9.3360000E+00
-1.9569000E-02	4.3092100E-09	0.0000000E+00	3.5440770E+00	2.0002410E-04	1.0000000E+00	1.0499000E+01
-9.5300000E-03	4.3096700E-09	0.0000000E+00	3.5439320E+00	2.0002380E-04	1.0000000E+00	1.1669000E+01
-8.1990000E-03	4.3101200E-09	0.0000000E+00	3.5439860E+00	2.0002410E-04	1.0000000E+00	1.2836000E+01
-8.1350000E-03	4.3101200E-09	0.0000000E+00	3.5440360E+00	2.0002470E-04	1.0000000E+00	1.4000000E+01
-8.1290000E-03	4.3101200E-09	0.0000000E+00	3.5440750E+00	2.0002470E-04	1.0000000E+00	1.5169000E+01
-8.1270000E-03	4.3101200E-09	0.0000000E+00	3.5440820E+00	2.0002400E-04	1.0000000E+00	1.6335000E+01
-8.1250000E-03	4.3101200E-09	0.0000000E+00	3.5441220E+00	2.0002470E-04	1.0000000E+00	1.7502000E+01
-8.1250000E-03	4.3101200E-09	0.0000000E+00	3.5441090E+00	2.0002470E-04	1.0000000E+00	1.8670000E+01
-8.1240000E-03	4.3096700E-09	0.0000000E+00	3.5441110E+00	2.0002450E-04	1.0000000E+00	1.9836000E+01
-8.1240000E-03	4.3101200E-09	0.0000000E+00	3.5441270E+00	2.0002450E-04	1.0000000E+00	2.1003000E+01
-1.9245000E-02	4.3096700E-09	0.0000000E+00	3.5443940E+00	2.0002440E-04	1.0000000E+00	2.2170000E+01
-1.9484000E-02	4.3087600E-09	0.0000000E+00	3.5444410E+00	2.0002460E-04	1.0000000E+00	2.3340000E+01
-1.9492000E-02	4.3087600E-09	0.0000000E+00	3.5444900E+00	2.0002510E-04	1.0000000E+00	2.4503000E+01
-1.9492000E-02	4.3087600E-09	0.0000000E+00	3.5445260E+00	2.0002440E-04	1.0000000E+00	2.5671000E+01
-1.9492000E-02	4.3087600E-09	0.0000000E+00	3.5445790E+00	2.0002440E-04	1.0000000E+00	2.6837000E+01
-1.9492000E-02	4.3087600E-09	0.0000000E+00	3.5446180E+00	2.0002470E-04	1.0000000E+00	2.8005000E+01
-1.9492000E-02	4.3087600E-09	0.0000000E+00	3.5446580E+00	2.0002480E-04	1.0000000E+00	2.9172000E+01
-1.9494000E-02	4.3083000E-09	0.0000000E+00	3.5447150E+00	2.0002440E-04	1.0000000E+00	3.0339000E+01
-1.9493000E-02	4.3087600E-09	0.0000000E+00	3.5447580E+00	2.0002440E-04	1.0000000E+00	3.1505000E+01
-9.4360000E-03	4.3092100E-09	0.0000000E+00	3.5446040E+00	2.0002480E-04	1.0000000E+00	3.2673000E+01
-8.1750000E-03	4.3092100E-09	0.0000000E+00	3.5446400E+00	2.0002490E-04	1.0000000E+00	3.3840000E+01
-8.1240000E-03	4.3096700E-09	0.0000000E+00	3.5447240E+00	2.0002430E-04	1.0000000E+00	3.5006000E+01
-8.1190000E-03	4.3092100E-09	0.0000000E+00	3.5447360E+00	2.0002460E-04	1.0000000E+00	3.6171000E+01
-8.1180000E-03	4.3092100E-09	0.0000000E+00	3.5447900E+00	2.0002450E-04	1.0000000E+00	3.7339000E+01
-8.1170000E-03	4.3092100E-09	0.0000000E+00	3.5448330E+00	2.0002450E-04	1.0000000E+00	3.8506000E+01
-8.1180000E-03	4.3092100E-09	0.0000000E+00	3.5449060E+00	2.0002470E-04	1.0000000E+00	3.9674000E+01
-8.1160000E-03	4.3092100E-09	0.0000000E+00	3.5449900E+00	2.0002450E-04	1.0000000E+00	4.0841000E+01
-8.1170000E-03	4.3096700E-09	0.0000000E+00	3.5450630E+00	2.0002440E-04	1.0000000E+00	4.2007000E+01
-1.9214000E-02	4.3078500E-09	0.0000000E+00	3.5453120E+00	2.0002480E-04	1.0000000E+00	4.3173000E+01
-1.9455000E-02	4.3083000E-09	0.0000000E+00	3.5453350E+00	2.0002410E-04	1.0000000E+00	4.4341000E+01
-1.9459000E-02	4.3083000E-09	0.0000000E+00	3.5453720E+00	2.0002430E-04	1.0000000E+00	4.5508000E+01
-1.9461000E-02	4.3083000E-09	0.0000000E+00	3.5454000E+00	2.0002420E-04	1.0000000E+00	4.6676000E+01
-1.9462000E-02	4.3083000E-09	0.0000000E+00	3.5454470E+00	2.0002460E-04	1.0000000E+00	4.7841000E+01
-1.9463000E-02	4.3083000E-09	0.0000000E+00	3.5454720E+00	2.0002430E-04	1.0000000E+00	4.9009000E+01
-1.9464000E-02	4.3083000E-09	0.0000000E+00	3.5455070E+00	2.0002430E-04	1.0000000E+00	5.0175000E+01
-1.9464000E-02	4.3083000E-09	0.0000000E+00	3.5455610E+00	2.0002410E-04	1.0000000E+00	5.1344000E+01
-1.9464000E-02	4.3078500E-09	0.0000000E+00	3.5456190E+00	2.0002420E-04	1.0000000E+00	5.2509000E+01
-9.4360000E-03	4.3087600E-09	0.0000000E+00	3.5454580E+00	2.0002390E-04	1.0000000E+00	5.3675000E+01
-8.1620000E-03	4.3092100E-09	0.0000000E+00	3.5455020E+00	2.0002410E-04	1.0000000E+00	5.4845000E+01
-8.1150000E-03	4.3083000E-09	0.0000000E+00	3.5455670E+00	2.0002420E-04	1.0000000E+00	5.6010000E+01
-8.1100000E-03	4.3087600E-09	0.0000000E+00	3.5455780E+00	2.0002370E-04	1.0000000E+00	5.7178000E+01
-8.1090000E-03	4.3083000E-09	0.0000000E+00	3.5455910E+00	2.0002410E-04	1.0000000E+00	5.8345000E+01
-8.1080000E-03	4.3092100E-09	0.0000000E+00	3.5456260E+00	2.0002450E-04	1.0000000E+00	5.9511000E+01
-8.1080000E-03	4.3087600E-09	0.0000000E+00	3.5456540E+00	2.0002440E-04	1.0000000E+00	6.0679000E+01
-8.1090000E-03	4.3087600E-09	0.0000000E+00	3.5456880E+00	2.0002410E-04	1.0000000E+00	6.1844000E+01
-8.1080000E-03	4.3092100E-09	0.0000000E+00	3.5457510E+00	2.0002420E-04	1.0000000E+00	6.3012000E+01
